<?xml version="1.0" encoding="UTF-8" standalone="no"?>
<!DOCTYPE svg PUBLIC "-//W3C//DTD SVG 20010904//EN"
              "http://www.w3.org/TR/2001/REC-SVG-20010904/DTD/svg10.dtd">

<svg xmlns="http://www.w3.org/2000/svg"
     width="13.3778in" height="14.2222in"
     viewBox="0 0 1204 1280">
  <path id="Selection"
        fill="none" stroke="black" stroke-width="1"
        d="M 839.00,148.63
           C 850.70,151.63 864.26,158.04 874.00,165.16
             925.71,202.92 931.15,279.20 886.83,324.91
             878.35,333.66 867.92,340.45 857.00,345.74
             842.11,352.95 825.49,356.19 809.00,356.00
             799.11,355.88 784.21,353.38 775.00,349.80
             760.64,344.20 746.90,336.07 736.04,324.99
             716.72,305.28 707.10,280.27 706.04,253.00
             705.84,247.97 706.61,246.37 706.91,242.00
             708.10,224.72 711.15,213.25 719.87,198.00
             732.97,175.09 753.83,157.82 779.00,149.75
             788.71,146.63 793.56,146.77 803.00,145.42
             812.82,144.23 829.35,146.16 839.00,148.63 Z
           M 327.00,146.22
           C 367.94,146.06 403.41,175.01 418.40,212.00
             418.40,212.00 423.64,227.00 423.64,227.00
             424.77,232.08 424.65,235.97 424.90,241.00
             424.90,241.00 425.97,252.00 425.97,252.00
             425.97,260.76 422.23,278.61 419.31,287.00
             404.15,330.46 362.09,356.52 317.00,356.00
             305.06,355.86 290.09,352.19 279.00,347.80
             266.77,342.95 258.84,337.38 249.00,328.71
             233.56,315.11 221.51,294.19 217.45,274.00
             217.45,274.00 215.83,260.00 215.83,260.00
             215.43,255.89 214.86,254.57 215.04,250.00
             215.36,241.79 216.58,228.81 218.74,221.00
             222.88,206.09 233.53,188.22 244.09,177.00
             258.91,161.25 280.84,150.35 302.00,146.22
             302.00,146.22 327.00,146.22 327.00,146.22 Z
           M 616.79,516.00
           C 616.79,516.00 629.20,455.00 629.20,455.00
             629.20,455.00 637.15,418.00 637.15,418.00
             641.85,401.31 657.16,387.22 675.00,387.00
             681.84,386.92 686.44,387.20 693.00,389.55
             708.80,395.19 721.69,410.64 720.79,428.00
             719.93,444.71 716.08,461.72 712.35,478.00
             712.35,478.00 708.32,494.00 708.32,494.00
             708.32,494.00 706.69,515.96 706.69,515.96
             705.78,519.73 703.99,519.43 702.62,525.01
             702.62,525.01 700.00,539.00 700.00,539.00
             700.00,539.00 693.00,574.00 693.00,574.00
             693.00,574.00 668.40,694.00 668.40,694.00
             666.04,705.77 660.26,737.80 655.62,747.00
             649.42,759.33 635.93,768.93 622.00,769.00
             622.00,769.00 612.00,769.00 612.00,769.00
             605.59,768.92 602.61,767.78 597.00,764.69
             593.52,762.77 590.14,760.33 587.29,757.56
             568.58,739.42 576.51,714.26 580.80,692.00
             580.80,692.00 594.00,627.00 594.00,627.00
             594.00,627.00 599.91,601.00 599.91,601.00
             599.91,601.00 599.91,592.00 599.91,592.00
             599.91,592.00 603.00,592.00 603.00,592.00
             603.33,576.83 613.16,533.08 616.79,516.00 Z
           M 954.00,387.56
           C 964.76,389.87 974.83,394.87 981.37,404.00
             988.29,413.67 993.54,442.42 996.21,455.00
             996.21,455.00 1032.42,627.00 1032.42,627.00
             1032.42,627.00 1044.42,685.00 1044.42,685.00
             1044.42,685.00 1051.96,727.00 1051.96,727.00
             1052.23,733.82 1050.42,739.94 1047.39,746.00
             1038.32,764.14 1019.71,772.44 1000.00,769.25
             997.62,768.86 993.27,768.23 991.17,767.34
             986.25,765.27 975.29,753.65 972.48,749.00
             968.01,741.60 965.36,725.89 963.35,717.00
             963.35,717.00 949.58,652.00 949.58,652.00
             949.58,652.00 919.00,507.00 919.00,507.00
             919.00,507.00 909.40,461.00 909.40,461.00
             907.47,451.35 905.02,440.82 905.00,431.00
             904.99,427.42 904.79,422.38 905.52,419.00
             908.98,402.80 923.37,390.94 939.00,387.56
             943.78,386.80 949.26,386.69 954.00,387.56 Z
           M 302.00,849.00
           C 302.00,849.00 302.66,858.00 302.66,858.00
             302.66,858.00 302.00,869.00 302.00,869.00
             302.00,869.00 302.00,1054.00 302.00,1054.00
             302.00,1054.00 302.00,1107.00 302.00,1107.00
             301.98,1117.65 296.69,1128.93 286.00,1132.74
             282.35,1134.04 278.80,1133.99 275.00,1134.00
             275.00,1134.00 252.00,1134.00 252.00,1134.00
             234.88,1134.00 223.95,1134.88 216.35,1116.00
             214.82,1112.20 215.01,1109.96 215.00,1106.00
             215.00,1106.00 215.00,642.00 215.00,642.00
             215.00,642.00 216.00,627.00 216.00,627.00
             216.00,627.00 216.00,444.00 216.00,444.00
             216.00,444.00 216.00,412.00 216.00,412.00
             216.01,410.05 215.96,407.89 216.51,406.00
             218.17,400.24 226.31,391.62 232.00,389.70
             234.44,388.88 237.44,389.00 240.00,389.00
             240.00,389.00 392.00,389.00 392.00,389.00
             395.55,389.01 408.17,389.86 411.00,391.01
             422.51,395.66 424.98,408.04 425.00,419.00
             425.00,419.00 425.00,459.00 425.00,459.00
             425.00,459.00 426.00,476.00 426.00,476.00
             426.00,476.00 426.00,673.00 426.00,673.00
             426.00,673.00 426.00,716.00 426.00,716.00
             426.00,716.00 424.49,738.00 424.49,738.00
             424.49,738.00 425.96,747.00 425.96,747.00
             425.96,747.00 425.32,760.00 425.32,760.00
             425.32,760.00 426.00,770.00 426.00,770.00
             426.00,770.00 426.00,976.00 426.00,976.00
             426.00,976.00 426.00,1106.00 426.00,1106.00
             426.00,1108.67 426.10,1111.40 425.37,1114.00
             423.36,1121.05 415.97,1130.20 409.00,1132.74
             405.43,1134.04 401.74,1133.99 398.00,1134.00
             398.00,1134.00 361.00,1134.00 361.00,1134.00
             350.82,1133.82 341.39,1124.58 338.64,1115.00
             337.89,1112.42 338.00,1109.66 338.00,1107.00
             338.00,1107.00 338.00,898.00 338.00,898.00
             338.00,898.00 338.00,844.00 338.00,844.00
             338.00,838.02 336.63,826.72 340.00,822.00
             335.20,820.32 335.94,817.62 336.00,813.00
             336.10,806.37 337.34,806.75 337.94,802.00
             337.94,802.00 337.94,790.00 337.94,790.00
             337.94,790.00 302.00,790.00 302.00,790.00
             302.00,790.00 302.00,849.00 302.00,849.00 Z
           M 173.00,391.63
           C 181.68,392.67 184.51,391.79 191.98,397.82
             194.26,399.65 196.19,401.38 197.55,404.01
             199.83,408.42 199.98,416.07 200.00,421.00
             200.00,421.00 201.00,437.00 201.00,437.00
             201.00,437.00 201.00,696.00 201.00,696.00
             201.00,696.00 201.00,753.00 201.00,753.00
             201.00,755.60 201.11,758.50 200.35,761.00
             198.48,767.20 191.80,774.48 186.00,777.32
             179.86,780.32 164.18,780.08 157.00,780.00
             157.00,780.00 134.00,777.89 134.00,777.89
             126.14,775.17 118.20,766.08 116.10,758.00
             115.93,755.95 116.00,753.13 116.10,751.00
             116.10,751.00 116.10,595.00 116.10,595.00
             116.10,595.00 116.10,508.00 116.10,508.00
             116.10,508.00 116.95,498.00 116.95,498.00
             116.95,498.00 116.95,480.00 116.95,480.00
             116.95,480.00 116.00,465.00 116.00,465.00
             116.00,465.00 116.00,435.00 116.00,435.00
             116.00,435.00 117.05,423.00 117.05,423.00
             117.05,423.00 117.05,413.00 117.05,413.00
             118.05,406.02 123.09,398.82 129.00,395.14
             135.69,390.97 143.57,392.48 151.00,391.63
             158.43,390.52 165.61,391.12 173.00,391.63 Z
           M 494.00,391.57
           C 499.21,392.33 502.72,391.55 508.00,393.56
             514.32,395.97 521.73,404.51 523.88,411.00
             524.09,413.14 524.00,415.78 523.88,418.00
             523.88,418.00 523.88,695.00 523.88,695.00
             523.88,695.00 523.88,753.00 523.88,753.00
             524.00,755.63 524.13,758.48 523.30,761.00
             521.03,767.97 513.04,776.07 506.00,778.20
             502.35,779.31 493.02,779.99 489.00,780.00
             489.00,780.00 471.00,780.00 471.00,780.00
             467.37,779.95 460.33,779.22 457.00,778.04
             441.63,772.59 440.33,761.83 438.83,748.00
             438.30,743.15 437.15,742.10 437.01,736.00
             436.78,725.83 438.85,727.88 439.04,722.91
             439.04,722.91 439.04,715.00 439.04,715.00
             439.04,715.00 439.04,683.00 439.04,683.00
             439.04,683.00 439.04,473.00 439.04,473.00
             439.04,473.00 439.83,421.00 439.83,421.00
             440.93,409.50 439.61,403.64 451.00,395.65
             456.80,391.58 461.48,392.35 468.00,391.57
             475.73,390.48 486.25,390.80 494.00,391.57 Z
           M 794.00,1105.00
           C 793.99,1108.76 794.12,1111.34 792.90,1115.00
             789.90,1123.94 783.42,1131.31 774.00,1133.47
             774.00,1133.47 766.00,1134.28 766.00,1134.28
             757.71,1135.28 749.35,1135.09 741.00,1135.00
             735.11,1134.93 723.90,1134.05 719.00,1131.01
             709.31,1124.99 707.02,1116.58 707.00,1106.00
             707.00,1106.00 706.00,1089.00 706.00,1089.00
             706.00,1089.00 706.00,1053.00 706.00,1053.00
             706.00,1053.00 707.00,1031.00 707.00,1031.00
             707.00,1031.00 706.00,1010.00 706.00,1010.00
             706.06,1005.45 707.95,996.08 704.41,992.60
             702.62,990.85 697.56,990.76 695.00,990.21
             695.00,990.21 665.00,990.21 665.00,990.21
             665.00,990.21 655.00,988.88 655.00,988.88
             655.00,988.88 645.00,988.88 645.00,988.88
             637.48,987.32 631.24,980.06 629.05,973.00
             627.28,967.27 628.96,961.77 629.92,956.00
             629.92,956.00 636.60,923.00 636.60,923.00
             636.60,923.00 661.20,802.00 661.20,802.00
             661.20,802.00 704.40,587.00 704.40,587.00
             704.40,587.00 718.40,517.00 718.40,517.00
             718.40,517.00 721.05,504.00 721.05,504.00
             723.38,495.16 723.74,497.91 724.83,487.00
             724.83,487.00 733.00,441.00 733.00,441.00
             733.00,441.00 739.04,411.00 739.04,411.00
             742.94,397.86 746.33,391.02 761.00,391.00
             761.00,391.00 866.00,391.00 866.00,391.00
             873.63,391.14 877.48,395.34 880.67,402.00
             884.32,409.60 887.60,428.01 889.40,437.00
             889.40,437.00 920.60,590.00 920.60,590.00
             920.60,590.00 954.00,754.00 954.00,754.00
             954.00,754.00 960.24,784.00 960.24,784.00
             960.24,784.00 962.62,792.00 962.62,792.00
             962.62,792.00 963.46,800.00 963.46,800.00
             963.46,800.00 983.00,895.00 983.00,895.00
             983.00,895.00 992.40,941.00 992.40,941.00
             992.40,941.00 996.91,965.00 996.91,965.00
             997.46,974.58 992.51,984.89 983.00,988.15
             979.17,989.46 971.17,989.99 967.00,990.00
             967.00,990.00 925.00,990.00 925.00,990.00
             922.48,990.05 919.60,989.95 918.02,992.31
             916.79,994.16 917.00,997.81 917.00,1000.00
             917.00,1000.00 917.00,1032.00 917.00,1032.00
             917.00,1032.00 917.00,1096.00 917.00,1096.00
             916.92,1102.47 916.15,1115.63 913.05,1121.00
             905.90,1133.38 895.05,1134.84 882.00,1135.00
             870.21,1135.13 848.08,1136.67 839.02,1128.79
             835.51,1125.74 830.99,1119.48 829.65,1115.00
             828.51,1111.20 829.00,1092.30 829.00,1087.00
             829.00,1087.00 829.00,990.00 829.00,990.00
             829.00,990.00 794.00,990.00 794.00,990.00
             794.00,990.00 794.00,1105.00 794.00,1105.00 Z" />
</svg>
